52
24
15
156
17
180
11
18
2
22
19
49
34
47
21
13
33
24
12
6
18
34
4
13
33
9
24
1
8
24
9
9
51
12
26
2
12
12
3
34
4
26
36
14
11
17
43
8
26
32
30
17
15
3
5
29
29
9
19
16
3
5
17
10
21
10
1
6
4
1
12
310
10
36
8
8
16
12
20
15
10
8
4
6
8
5
5
17
18
18
67
13
27
18
5
56
84
7
6
7
7
16
7
7
7
7
8
6
8
6
6
19
8
8
7
6
7
7
7
8
7
79
7
4
6
5
7
6
93
7
4
48
7
10
14
13
9
34
7
6
7
